          45       -8.9500      -49.2331
          76       -2.4186      -49.4256
          81        0.1083      -50.0485
         101       13.0325      -48.9356
         130       24.1175      -49.7302
         173       13.1472      -47.4680
         187       19.3470      -47.8368
         218       33.1226      -47.4660
         220       -8.8816      -46.1174
         235       -0.4066      -46.8407
         259       13.4727      -47.1290
         285       25.2330      -46.4014
         294       26.8829      -46.4918
         307       32.8730      -46.2047
         330       -2.1858      -45.5704
         378       -9.0486      -43.8312
         400       -2.5556      -42.9733
         404       -0.4684      -43.7657
         452       13.3746      -42.9556
         474       19.2719      -44.2037
         502       27.1727      -43.1181
         524       32.7047      -44.2279
         597       12.7952      -42.3583
         628       24.7699      -41.7192
         646       32.8387      -41.5111
         647       33.0720      -42.1067
         654       -8.7488      -40.1620
         681        0.0580      -39.9650
         717       13.2146      -39.8912
         732       19.0178      -41.1005
         756       26.4777      -40.3620
         791       -2.6029      -39.1820
         821       12.8820      -38.2758
         874       33.2662      -39.3961
         879       -8.9357      -36.5899
         973       19.7132      -38.0006
        1014       33.2795      -37.3270
        1030       -2.3041      -35.5093
        1041        0.4311      -36.3915
        1078       12.8610      -36.1293
        1079       13.0918      -36.5488
        1110       26.9345      -36.2995
        1130       33.2095      -35.7139
        1219       19.1690      -34.3208
        1227       24.5908      -34.8428
        1252       32.9435      -34.5001
        1259       -9.0937      -33.0781
        1276       -0.0839      -32.8779
        1306       13.0640      -32.1081
        1316       14.0891      -32.7417
        1339       24.3937      -32.2572
        1340       26.2302      -32.8644
        1378       -2.4830      -31.7940
        1465       19.6660      -30.7641
        1505       33.3440      -30.9194
        1511       -8.8989      -29.2784
        1529       -0.3452      -30.0615
        1595       13.5636      -29.7418
        1649       33.1987      -29.6989
        1661       -2.0969      -28.5741
        1702       12.9114      -27.9040
        1735       19.6663      -28.0614
        1755       24.6157      -28.1058
        1763       -9.1043      -26.4869
        1774       -0.2907      -26.2087
        1832       33.2008      -26.6554
        1837       33.0642      -26.5228
        1858       -2.4005      -24.7649
        1913       13.6870      -25.1122
        1933       24.7450      -25.6625
        1938       27.0964      -24.4688
        1953       32.7722      -24.7039
        2020       12.7866      -24.0217
        2021       13.4962      -23.3161
        2043       19.2681      -23.9521
        2085       -9.1350      -22.5226
        2106       -2.1575      -22.1432
        2116       -0.1229      -22.5984
        2191       25.5390      -21.5870
        2198       26.7252      -22.2934
        2217       32.6157      -22.3796
        2267       13.4182      -20.5626
        2290       20.3363      -21.0410
        2314       32.2621      -20.7416
        2316       -9.3149      -18.2855
        2338       -2.6584      -18.1816
        2351       -0.1411      -19.1921
        2391       13.2014      -18.6508
        2392       13.1274      -18.9246
        2453       33.1533      -18.8760
        2546       20.0216      -16.9428
        2563       25.5914      -17.9902
        2607       -9.0820      -15.9365
        2632       -0.3792      -16.0454
        2666       13.5100      -15.9128
        2715       27.1874      -15.3927
        2729       32.9207      -16.0887
        2744       -2.7234      -14.6918
        2767       13.1870      -14.5993
        2789       24.0025      -14.4101
        2811       32.9073      -14.2230
        2844       -0.3463      -12.0450
        2906       20.2677      -13.3213
        2932       26.5910      -12.0615
        2962       -9.3383      -10.7983
        2975       -3.0082      -10.4855
        3030       12.9301      -11.6937
        3077       24.4063      -10.9167
        3104       32.8857      -11.1627
        3107       -9.1581       -9.0600
        3183       19.9363      -10.2381
        3208       27.6824       -9.2693
        3231       32.8293      -10.3645
        3242       -3.1243       -7.5803
        3250        0.2280       -8.2511
        3281       13.8007       -8.7601
        3299       24.2872       -8.5884
        3343       -0.3732       -5.8701
        3389       13.6161       -6.9694
        3409       18.4969       -6.5330
        3451       32.6224       -6.3598
        3457       -9.0447       -5.0577
        3518       12.9794       -4.8438
        3519       13.4007       -5.5311
        3567       26.7843       -5.5140
        3615       -2.4234       -4.0779
        3683       20.0447       -3.3331
        3695       24.3172       -3.8602
        3715       33.1849       -3.9980
        3717       -8.9829       -2.3301
        3744       -0.2785       -2.1587
        3798       27.7335       -1.8375
        3808       32.7685       -2.5233
        3878       13.2395       -1.3185
        3914       25.4106       -0.0789
        3934       33.3874       -0.1790
        3940       33.2588       -0.0222
        3967       -3.0393        0.3247
        3973       -0.7172        1.8216
        4017       13.1416        1.0429
        4036       19.3856        0.6127
        4064       27.0947        1.3048
        4086       -9.2874        2.4702
        4107       -2.5930        2.4225
        4135       13.3571        2.5108
        4277       20.0499        4.3676
        4306       32.7504        4.5069
        4312       -9.2380        6.0302
        4336        0.3422        5.0880
        4352       10.4688        6.3426
        4361       14.5990        4.9519
        4395       26.8563        4.9706
        4451       -2.9028        6.4492
        4543       20.1408        7.7325
        4553       24.2806        6.7947
        4602       33.1181        7.5718
        4606       -9.3397        9.1413
        4630       -2.8042        9.3666
        4641       -0.2560        9.0450
        4685       13.2764        8.6339
        4730       26.6494        8.1170
        4838       19.6945       10.0063
        4848       24.0680        9.7901
        4873       33.2437        9.9237
        4875       32.6158       10.5165
        4914       -0.0342       12.2810
        4976       12.9939       11.0085
        4986       13.3040       12.4835
        5044       27.8640       12.1044
        5066       -9.1283       12.6412
        5093       -2.6506       13.0582
        5161       13.1125       13.7273
        5211       23.6105       13.7913
        5238       32.8545       13.1699
        5264       -0.0212       15.2319
        5346       19.8985       14.4470
        5381       -9.2825       15.8813
        5390       -2.2920       15.8655
        5434       13.5628       16.0975
        5460       24.1464       17.1811
        5474       26.6582       16.1428
        5488       -9.6346       18.4138
        5555       13.2846       17.7825
        5581       20.0167       17.8548
        5613       32.5515       17.5112
        5643        0.0648       19.0393
        5679       13.4085       19.1646
        5732       24.5906       20.4013
        5736       26.6291       18.7750
        5757       32.5798       19.9087
        5777       -3.1871       20.5280
        5889       -9.6265       23.0006
        5918        0.5471       22.3077
        5947       13.2434       21.7515
        5975       27.5562       22.8741
        5981       32.6193       22.0787
        6005       -2.7181       23.8259
        6074       23.6087       24.0012
        6133        0.0751       26.2647
        6162       13.4157       26.1603
        6186       20.1215       25.7347
        6202       26.7817       25.7502
        6218       32.9854       24.9922
        6221       -9.8917       27.3359
        6228       -3.6386       26.7079
        6298       24.1264       27.1670
        6326       32.9004       27.6150
        6336       -0.5250       29.3327
        6367       19.6620       28.2454
        6395       26.6757       29.1362
        6412       -9.6826       30.1294
        6419       -3.6775       30.6454
        6455       10.4761       30.2692
        6463       13.5657       29.5681
        6527       -9.7697       32.1895
        6597       19.8164       31.4872
        6612       24.1136       31.4238
        6644       33.0508       31.8120
        6658       -2.9736       33.5758
        6663       -0.5884       33.2880
        6695       13.6053       32.8441
        6737       26.6528       33.3160
        6767       32.4322       33.9246
        6806       19.3624       35.0566
        6820       24.2289       34.2545
        6836       -9.0399       36.8265
        6864        0.4018       36.3165
        6889        9.5564       37.1446
        6894       13.2504       35.9555
        6945       -9.7691       38.2689
        6959       -3.2025       37.4780
        7019       13.6829       38.6581
        7042       19.7659       38.0988
        7053       24.4880       37.8276
        7065       27.6516       37.4631
        7089       33.3116       38.3144
        7107       -0.3196       39.9926
        7190       26.7247       39.7729
        7231       -3.1584       40.9819
        7243       10.0353       40.5251
        7260       24.1115       41.5886
        7279       32.2012       41.4376
        7280       -8.9174       42.7040
        7362       19.5019       43.4001
        7384       27.0722       43.2344
        7416       -3.4825       44.2070
        7446        0.3745       43.3757
        7501       13.7293       43.4389
        7556       32.7556       44.7833
        7578       -3.6373       46.1527
        7623       13.8603       45.8170
        7636       19.9560       45.0264
        7646       24.3267       45.1318
        7651       27.1503       46.1703
        7658       32.5410       45.6193
        7791       -8.5794       51.3631