          45      -33.9071      -49.9019
          76      -27.3943      -50.1453
          81      -24.8850      -51.0277
         101      -12.0078      -49.7705
         130       -1.0083      -50.6426
         173      -11.8738      -48.3097
         187       -5.7154      -48.7240
         218        7.9495      -48.4586
         220      -33.8070      -46.8447
         235      -25.3544      -47.6281
         259      -11.5439      -47.9754
         285        0.1428      -47.3422
         294        1.7793      -47.4445
         307        7.7154      -47.2057
         330      -27.1146      -46.1619
         378      -33.9440      -44.5144
         400      -27.4607      -43.7105
         404      -25.3890      -44.5181
         452      -11.5971      -43.9912
         474       -5.7486      -45.1113
         502        2.1051      -44.0950
         524        7.5727      -45.2398
         597      -12.1655      -43.2231
         628       -0.2620      -42.6859
         646        7.7373      -42.5437
         647        7.9613      -43.1374
         654      -33.6055      -40.8557
         681      -24.8192      -40.7348
         717      -11.7162      -40.7729
         732       -5.9717      -42.0229
         756        1.4496      -41.3521
         791      -27.4567      -39.9328
         821      -12.0325      -38.9353
         874        8.1831      -40.3357
         879      -33.7490      -37.2932
         973       -5.2340      -38.9480
        1014        8.2223      -38.3934
        1030      -27.1130      -36.2762
        1041      -24.3998      -37.1778
        1078      -12.0153      -37.2992
        1079      -11.7927      -37.4447
        1110        1.9499      -37.3186
        1130        8.1718      -36.5430
        1219       -5.7364      -35.2834
        1227       -0.3584      -35.8506
        1252        7.9199      -35.8072
        1259      -33.8651      -33.7898
        1276      -24.8725      -33.7596
        1306      -11.7746      -33.0267
        1316      -10.7607      -33.6660
        1339       -0.5282      -33.2786
        1340        1.2892      -33.7608
        1378      -27.2506      -32.5707
        1465       -5.2046      -31.7517
        1505        8.3583      -31.8634
        1511      -33.6232      -30.0028
        1529      -25.0987      -30.8646
        1595      -11.2537      -30.6763
        1649        8.2299      -30.8195
        1661      -26.8285      -29.3648
        1702      -11.8811      -28.8414
        1735       -5.1749      -29.0645
        1755       -0.2609      -29.1555
        1763      -33.8050      -27.2181
        1774      -24.9994      -27.0265
        1832        8.2666      -27.6180
        1837        8.1325      -27.6642
        1858      -27.0900      -25.5659
        1913      -11.0807      -26.0723
        1933       -0.1067      -26.7284
        1938        2.2436      -25.5657
        1953        7.8626      -25.8563
        2020      -11.9608      -24.9788
        2021      -11.2453      -24.2838
        2043       -5.5211      -24.9737
        2085      -33.7848      -23.2630
        2106      -26.8170      -22.9569
        2116      -24.7949      -23.4312
        2191        0.7265      -22.6868
        2198        1.8968      -23.4015
        2217        7.7301      -23.5468
        2267      -11.2916      -21.5434
        2290       -4.4302      -22.0914
        2314        7.4012      -21.9160
        2316      -33.9134      -18.9568
        2338      -27.2769      -19.0035
        2351      -24.7748      -20.0374
        2391      -11.4839      -19.6401
        2392      -11.5621      -19.9104
        2453        8.3055      -20.0730
        2546       -4.6917      -18.0130
        2563        0.8190      -19.1130
        2607      -33.6548      -16.6957
        2632      -24.9740      -16.8993
        2666      -11.1418      -16.8393
        2715        2.4331      -16.5508
        2729        8.1081      -17.3026
        2744      -27.2991      -15.5255
        2767      -11.4482      -15.6080
        2789       -0.7127      -15.5398
        2811        8.1152      -15.4508
        2844      -24.8913      -12.7476
        2906       -4.4026      -14.4148
        2932        1.8804      -13.2335
        2962      -33.8527      -11.5700
        2975      -27.5320      -11.3296
        3030      -11.6699      -12.7146
        3077       -0.2740      -12.1830
        3104        8.1287      -12.4124
        3107      -33.6540      -10.0122
        3183       -4.6961      -11.3464
        3208        2.9959      -10.4723
        3231        8.0813      -11.6193
        3242      -27.6113       -8.4339
        3250      -24.2725       -9.1407
        3281      -10.7698       -9.8051
        3299       -0.3659       -9.7570
        3343      -24.8453       -6.7626
        3389      -10.9325       -8.0202
        3409       -6.0842       -7.6451
        3451        7.9571       -7.6368
        3457      -33.4869       -5.8478
        3518      -11.5425       -5.8988
        3519      -11.1282       -6.5883
        3567        2.1396       -6.5255
        3615      -26.8684       -4.9515
        3683       -4.5096       -4.4828
        3695       -0.2789       -5.0585
        3715        8.4950       -5.3023
        3717      -33.3944       -3.1303
        3744      -24.7105       -3.0653
        3798        3.1250       -3.0905
        3808        8.1038       -3.7848
        3878      -11.2418       -2.1402
        3914        0.8504       -1.3476
        3934        8.7524       -1.5133
        3940        8.6281       -1.3548
        3967      -27.4378       -0.5572
        3973      -25.1059        0.9062
        4017      -11.3166        0.1138
        4036       -5.1167       -0.5799
        4064        2.5301        0.0386
        4086      -33.6431        1.6606
        4107      -26.9674        1.5275
        4135      -11.0833        1.4121
        4277       -4.4086        3.1719
        4306        8.1697        3.1481
        4312      -33.5509        5.2103
        4336      -24.0108        4.1459
        4352      -13.9131        5.2623
        4361       -9.8232        3.8242
        4395        2.3620        3.6854
        4451      -27.2295        5.5450
        4543       -4.2849        6.5172
        4553       -0.1978        5.2797
        4602        8.5688        6.1877
        4606      -33.6138        8.0473
        4630      -27.0947        8.4506
        4641      -24.5587        8.1130
        4685      -11.0959        7.5056
        4730        2.1691        6.8131
        4838       -4.7013        8.7840
        4848       -0.3653        8.5098
        4873        8.7196        8.5207
        4875        8.1049        9.1153
        4914      -24.2925       11.3164
        4976      -11.3459        9.9878
        4986      -11.0240       11.0704
        5044        3.4226       10.7567
        5066      -33.3654       11.8002
        5093      -26.8917       12.1274
        5161      -11.2010       12.5738
        5211       -0.7423       12.2211
        5238        8.3741       11.7493
        5264      -24.2436       14.2564
        5346       -4.4442       13.1960
        5381      -33.4812       15.0349
        5390      -26.4992       14.9204
        5434      -10.7271       14.9279
        5460       -0.2031       15.8535
        5474        2.2755       14.7860
        5488      -33.8041       17.5652
        5555      -10.9813       16.6056
        5581       -4.2873       16.5825
        5613        8.1227       16.0618
        5643      -24.1182       18.0476
        5679      -10.8430       17.9790
        5732        0.2763       18.8967
        5736        2.2735       17.4015
        5757        8.1767       18.4417
        5777      -27.3371       19.4632
        5889      -33.7423       22.1382
        5918      -23.6025       21.2059
        5947      -10.9739       20.7918
        5975        3.2370       21.4594
        5981        8.2430       20.5957
        6005      -26.8308       22.8578
        6074       -0.6565       22.6382
        6133      -24.0227       25.1540
        6162      -10.7543       24.9385
        6186       -4.0971       24.4135
        6202        2.5094       24.3292
        6218        8.6401       23.4821
        6221      -33.9409       26.4666
        6228      -27.7121       25.7425
        6298       -0.1051       25.7770
        6326        8.5840       26.0886
        6336      -24.5849       28.3114
        6367       -4.5233       26.9168
        6395        2.4458       27.6946
        6412      -33.6977       29.4736
        6419      -27.7111       29.6685
        6455      -13.6267       29.0719
        6463      -10.5625       28.4300
        6527      -33.7595       31.2251
        6597       -4.3313       30.1375
        6612       -0.0628       30.2038
        6644        8.7804       30.2519
        6658      -26.9831       32.4201
        6663      -24.6012       32.2506
        6695      -10.4864       31.5843
        6737        2.4723       31.8992
        6767        8.2209       32.3605
        6806       -4.7361       33.6937
        6820        0.0800       32.8174
        6836      -32.9946       35.9137
        6864      -23.5841       35.2545
        6889      -14.4608       35.9284
        6894      -10.7991       34.5807
        6945      -33.6800       37.3675
        6959      -27.1652       36.4697
        7019      -10.3415       37.3667
        7042       -4.2765       36.9291
        7053        0.3776       36.2902
        7065        3.5075       35.9504
        7089        9.1227       36.5804
        7107      -24.2324       38.9285
        7190        2.6174       38.2592
        7231      -27.0523       39.9614
        7243      -13.9421       39.4451
        7260        0.0469       40.1071
        7279        8.0547       39.8233
        7280      -32.7883       41.7747
        7362       -4.4931       41.7652
        7384        3.0147       41.6912
        7416      -27.3472       43.1797
        7446      -23.5126       42.2191
        7501      -10.2247       42.1217
        7556        8.6607       43.1336
        7578      -27.4792       45.1228
        7623      -10.0653       44.4852
        7636       -4.0212       43.5950
        7646        0.3146       43.4736
        7651        3.1279       44.6076
        7658        8.4600       43.9690
        7791      -32.3637       50.4034
        7871       13.3751      -49.9459
        7907       21.9614      -49.0515
        7916       27.1501      -50.0011
        7926       33.2997      -50.1134
        8069       21.5956      -46.6481
        8088       27.0491      -46.9617
        8103       33.3153      -46.1533
        8245       26.7846      -43.2915
        8342       21.9163      -42.6280
        8393       33.1300      -42.2582
        8492       26.9075      -39.7718
        8561       20.9517      -38.5684
        8585       33.0469      -38.5151
        8755       21.6916      -36.0483
        8778       26.9517      -35.9044
        8792       33.0300      -35.8838
        8882       32.7774      -33.6650
        8933       22.5710      -32.1778
        8937       27.4822      -32.5215
        9115       21.9626      -28.9711
        9127       26.4267      -29.3151
        9148       33.1078      -29.0272
        9300       22.4327      -26.0221
        9305       26.4647      -25.8754
        9432       33.3930      -25.2935
        9559       33.2648      -23.0308
        9638       21.5885      -22.1653
        9649       26.5594      -22.0834
        9793       22.2160      -18.2835
        9816       26.9569      -18.4475
        9961       33.2379      -17.7423
       10035       22.2178      -15.1801
       10049       26.8117      -15.3925
       10067       33.1284      -15.4901
       10193       27.2066      -12.2506
       10279       22.4988      -11.5358
       10409       26.5611       -9.2896
       10438       33.2950      -10.3395
       10439       33.3453       -9.3809
       10489       22.2217       -7.6960
       10614       32.8062       -5.9744
       10691       22.2752       -4.8956
       10705       27.0587       -4.9296
       10822       22.6409       -1.3380
       10833       26.6323       -1.6264
       10936       33.3967       -0.8525
       11027       22.8750        1.6266
       11136       26.9567        2.2266
       11153       33.0321        2.2024
       11214       33.1456        4.6946
       11274       22.8935        5.5620
       11280       27.1163        5.5740
       11394       26.9899        8.1894
       11494       23.1564        8.7903
       11711       27.0365       12.3728
       11734       33.6670       12.2794
       11823       22.7754       12.7823
       11971       33.2866       14.5782
       12017       23.3390       16.7692
       12033       27.8206       15.7805
       12200       22.7442       20.1838
       12216       27.0951       19.1719
       12241       33.3899       19.9782
       12419       22.9072       22.9001
       12426       27.0850       22.9923
       12601       33.2013       23.4224
       12703       22.6794       26.3879
       12754       33.3421       24.9814
       12866       27.1543       26.4620
       12974       26.6851       29.3062
       12990       33.3031       29.3630
       13088       23.1277       30.2983
       13247       33.3710       32.5144
       13314       22.4468       33.4008
       13330       26.9359       32.9315
       13468       22.9195       37.0016
       13481       26.9973       36.5440
       13496       33.1233       36.9763
       13680       27.2422       39.6826
       13700       33.1242       39.6916
       13733       22.6260       40.4944
       13815       27.0244       42.8876
       13907       23.2238       43.9468
       13943       33.2181       44.2044
       14004       31.9208       45.5625
       14045       26.5342       46.5403
       14166       23.4071       50.8763
       14183       26.7276       50.4077
       14188       -2.9393       51.4061